10 46
0 0 0 0 0 0 0 0 0 0 0 0 0 0 -4 0 0 0 0 0 0 0 0 0 0 0 0 0 0 0 0 0 0 0 0 0 0 0 0 0 0 0 0 0 0 0 
0 0 0 0 0 0 0 0 0 0 0 0 0 8 8 0 0 0 0 0 0 0 0 0 0 0 0 0 0 0 0 0 0 0 0 0 0 0 0 0 0 0 0 0 0 0 
0 0 0 0 0 0 0 0 0 0 0 0 0 0 0 0 0 0 0 0 0 0 0 0 0 0 0 0 0 0 0 0 0 0 0 0 0 0 0 0 0 0 0 0 0 0 
0 0 0 0 0 0 0 0 0 0 0 8 8 0 0 0 0 0 0 0 0 -2 -2 -2 0 0 0 0 0 0 0 0 0 0 0 0 0 0 0 0 0 0 0 0 0 6 
0 0 0 0 0 -2 -2 0 0 0 0 0 0 0 0 0 0 0 0 0 0 -2 -2 -2 0 0 0 0 -2 -2 0 0 0 0 0 -2 -2 0 0 0 0 0 0 0 -3 2 
0 0 0 0 0 0 0 0 0 8 8 0 0 0 0 0 0 0 0 0 0 -2 -2 -2 0 0 0 0 -2 -2 0 0 0 0 0 8 8 0 0 0 0 0 0 6 6 2 
0 0 0 0 0 0 0 0 0 0 0 0 0 0 0 0 0 0 0 0 0 6 6 6 0 0 0 0 0 0 0 0 0 8 8 0 0 0 0 0 0 0 6 2 2 2 
6 0 0 0 0 5 5 5 0 0 0 0 0 0 0 0 0 0 0 0 0 0 0 0 0 0 0 0 6 6 6 6 0 0 0 0 0 6 0 0 6 6 2 2 2 2 
2 6 6 6 6 4 4 4 4 6 6 6 6 6 6 6 6 6 6 6 6 6 6 6 6 6 6 6 2 2 2 2 6 6 6 6 6 2 0 0 2 2 2 2 2 2 
2 2 2 2 2 2 2 2 2 2 2 2 2 2 2 2 2 2 2 2 2 2 2 2 2 2 2 2 2 2 2 2 2 2 2 2 2 2 0 0 2 2 2 2 2 2 
5
450 140
1600 140
750 290
1300 290
100 340
1000
0
0
0
0
2
0
